lastAccountName: Nyagisa_Dos
timestamps:
  login: 1610166740865
  logout: 1610173661616
ipAddress: 181.44.75.3
logoutlocation:
  world: world
  x: 2401.589116466233
  y: 50.0
  z: -936.6895157173301
  yaw: -175.08063
  pitch: 59.700012
lastlocation:
  world: world
  x: 2322.300000011921
  y: 79.0
  z: 1532.300000011921
  yaw: 56.22101
  pitch: 13.500023
