lastAccountName: camilas0419
timestamps:
  login: 1610131900939
  logout: 1610136800624
ipAddress: 181.116.17.103
logoutlocation:
  world: world
  x: -13.381051506500242
  y: 54.0
  z: 153.63519903606286
  yaw: 39.467285
  pitch: 37.20014
