lastAccountName: Mythos000
timestamps:
  login: 1610055551416
  logout: 1610055688476
ipAddress: 186.158.132.185
logoutlocation:
  world: world_nether
  x: 127.31316064880639
  y: 14.410103681715825
  z: -3.0075830010511924
  yaw: -217.47679
  pitch: 11.167932
