lastAccountName: ElPantera21
timestamps:
  login: 1610164742953
  logout: 1610164807224
  lastteleport: 1610154496808
ipAddress: 167.58.173.90
logoutlocation:
  world: world
  x: 6614.16169188647
  y: 77.0
  z: -3015.910856417342
  yaw: 75.61165
  pitch: 16.758015
lastlocation:
  world: world
  x: 6370.8446289344465
  y: 91.0
  z: -2847.7965330625393
  yaw: 271.9465
  pitch: 36.173733
