lastAccountName: Georgalos
timestamps:
  login: 1610123017178
  logout: 1610123057256
ipAddress: 186.122.16.222
logoutlocation:
  world: world
  x: 2698.466421755981
  y: 92.0
  z: -1380.0112449829946
  yaw: 71.80921
  pitch: 19.13144
