lastAccountName: ItsAvru
timestamps:
  login: 1610111637004
  logout: 1610114107181
  lastteleport: 1610113359132
ipAddress: 181.165.110.180
logoutlocation:
  world: world
  x: 2879.080346097459
  y: 80.5625
  z: -1490.116142120209
  yaw: -266.36868
  pitch: 39.449856
lastlocation:
  world: world
  x: 2515.300000011921
  y: 196.0
  z: -1042.300000011921
  yaw: 170.42455
  pitch: 89.85
