lastAccountName: IGoAIGod
timestamps:
  login: 1610111489215
  lastteleport: 1610112180759
  logout: 1610114001088
ipAddress: 181.165.110.180
lastlocation:
  world: world
  x: 6260.554150583744
  y: 69.0
  z: -2880.994825133372
  yaw: -43.04997
  pitch: 10.200005
logoutlocation:
  world: world
  x: 2811.1755215945313
  y: 18.0
  z: -1515.6447186343573
  yaw: -79.50128
  pitch: 14.850106
